0 @ 102 @ 139 @ 48 @ 94 @ 97 @ 163 @ 2 @ 83 @ 18 @ 82 @ 161 @ 88 @ 147 @ 22 @ 174 @ 142 @ 188 @ 184 @ 1

102 @ 0 @ 156 @ 160 @ 31 @ 24 @ 101 @ 158 @ 106 @ 65 @ 162 @ 127 @ 73 @ 179 @ 55 @ 140 @ 153 @ 148 @ 175 @ 95

139 @ 156 @ 0 @ 38 @ 62 @ 75 @ 52 @ 105 @ 8 @ 132 @ 120 @ 119 @ 111 @ 3 @ 116 @ 45 @ 76 @ 58 @ 10 @ 54

48 @ 160 @ 38 @ 0 @ 84 @ 112 @ 121 @ 16 @ 41 @ 57 @ 37 @ 170 @ 85 @ 34 @ 89 @ 143 @ 130 @ 159 @ 110 @ 11

94 @ 31 @ 62 @ 84 @ 0 @ 14 @ 12 @ 124 @ 40 @ 33 @ 93 @ 125 @ 13 @ 74 @ 66 @ 87 @ 133 @ 68 @ 77 @ 42

97 @ 24 @ 75 @ 112 @ 14 @ 0 @ 70 @ 126 @ 21 @ 79 @ 154 @ 36 @ 91 @ 131 @ 26 @ 39 @ 56 @ 96 @ 107 @ 43

163 @ 101 @ 52 @ 121 @ 12 @ 70 @ 0 @ 173 @ 80 @ 103 @ 115 @ 157 @ 44 @ 47 @ 146 @ 100 @ 164 @ 15 @ 30 @ 109

2 @ 158 @ 105 @ 16 @ 124 @ 126 @ 173 @ 0 @ 67 @ 60 @ 90 @ 166 @ 128 @ 129 @ 46 @ 168 @ 122 @ 189 @ 178 @ 4

83 @ 106 @ 8 @ 41 @ 40 @ 21 @ 80 @ 67 @ 0 @ 98 @ 134 @ 49 @ 104 @ 61 @ 35 @ 27 @ 23 @ 99 @ 63 @ 17

18 @ 65 @ 132 @ 57 @ 33 @ 79 @ 103 @ 60 @ 98 @ 0 @ 32 @ 180 @ 6 @ 123 @ 53 @ 172 @ 171 @ 176 @ 165 @ 25

82 @ 162 @ 120 @ 37 @ 93 @ 154 @ 115 @ 90 @ 134 @ 32 @ 0 @ 190 @ 29 @ 69 @ 144 @ 186 @ 187 @ 182 @ 151 @ 71

161 @ 127 @ 119 @ 170 @ 125 @ 36 @ 157 @ 166 @ 49 @ 180 @ 190 @ 0 @ 185 @ 181 @ 72 @ 19 @ 7 @ 141 @ 145 @ 118

88 @ 73 @ 111 @ 85 @ 13 @ 91 @ 44 @ 128 @ 104 @ 6 @ 29 @ 185 @ 0 @ 92 @ 114 @ 167 @ 183 @ 137 @ 136 @ 64

147 @ 179 @ 3 @ 34 @ 74 @ 131 @ 47 @ 129 @ 61 @ 123 @ 69 @ 181 @ 92 @ 0 @ 152 @ 117 @ 149 @ 78 @ 20 @ 86

22 @ 55 @ 116 @ 89 @ 66 @ 26 @ 146 @ 46 @ 35 @ 53 @ 144 @ 72 @ 114 @ 152 @ 0 @ 108 @ 59 @ 177 @ 169 @ 9

174 @ 140 @ 45 @ 143 @ 87 @ 39 @ 100 @ 168 @ 27 @ 172 @ 186 @ 19 @ 167 @ 117 @ 108 @ 0 @ 28 @ 50 @ 51 @ 113

142 @ 153 @ 76 @ 130 @ 133 @ 56 @ 164 @ 122 @ 23 @ 171 @ 187 @ 7 @ 183 @ 149 @ 59 @ 28 @ 0 @ 150 @ 138 @ 81

188 @ 148 @ 58 @ 159 @ 68 @ 96 @ 15 @ 189 @ 99 @ 176 @ 182 @ 141 @ 137 @ 78 @ 177 @ 50 @ 150 @ 0 @ 5 @ 155

184 @ 175 @ 10 @ 110 @ 77 @ 107 @ 30 @ 178 @ 63 @ 165 @ 151 @ 145 @ 136 @ 20 @ 169 @ 51 @ 138 @ 5 @ 0 @ 135

1 @ 95 @ 54 @ 11 @ 42 @ 43 @ 109 @ 4 @ 17 @ 25 @ 71 @ 118 @ 64 @ 86 @ 9 @ 113 @ 81 @ 155 @ 135 @ 0

